Id,Cat
0,1
1,2
2,2
3,2
4,2
5,2
6,1
7,1
8,1
9,1
10,1
11,1
12,1
13,2
14,2
15,2
16,2
17,1
18,1
19,1
20,2
21,1
22,1
23,1
24,1
25,1
26,1
27,1
28,1
29,2
30,1
31,1
32,1
33,2
34,1
35,2
36,2
37,1
38,1
39,2
40,1
41,2
42,2
43,1
44,1
45,1
46,1
47,1
48,1
49,1
50,1
51,2
52,1
53,1
54,1
55,1
56,2
57,2
58,2
59,1
60,1
61,1
62,1
63,1
64,1
65,2
66,2
67,2
68,2
69,1
70,2
71,2
72,1
73,1
74,2
75,2
76,2
77,2
78,2
79,1
80,2
81,1
82,2
83,2
84,2
85,2
86,2
87,2
88,1
89,1
90,2
91,1
92,1
93,1
94,1
95,1
96,1
97,2
98,2
99,2
100,2
101,1
102,1
103,1
104,1
105,1
106,1
107,1
108,1
109,1
110,2
111,2
112,2
113,1
114,2
115,1
116,2
117,2
118,1
119,1
120,2
121,2
122,2
123,2
124,1
125,2
126,1
127,2
128,2
129,2
130,2
131,2
132,2
133,1
134,2
135,1
136,2
137,2
138,2
139,2
140,2
141,2
142,1
143,1
144,1
145,1
146,1
147,1
148,1
149,1
150,1
151,1
152,1
153,1
154,1
155,1
156,1
157,1
158,1
159,2
160,1
161,2
162,1
163,2
164,1
165,1
166,2
167,1
168,1
169,1
170,1
171,1
172,1
173,1
174,1
175,1
176,1
177,2
178,2
179,1
180,1
181,2
182,1
183,1
184,1
185,1
186,1
187,2
188,1
189,2
190,2
191,2
192,1
193,2
194,2
195,2
196,2
197,2
198,2
199,2
200,2
201,2
202,1
203,2
204,2
205,2
206,2
207,2
208,2
209,2
210,1
211,2
212,2
213,1
214,1
215,2
216,2
217,2
218,2
219,1
220,2
221,1
222,1
223,1
224,1
225,1
226,1
227,2
228,2
229,2
230,1
231,1
232,1
233,1
234,2
235,1
236,1
237,1
238,1
239,1
240,1
241,1
242,1
243,1
244,1
245,2
246,2
247,1
248,1
249,1
250,2
251,1
252,2
253,1
254,2
255,2
256,2
257,2
258,2
259,2
260,1
261,2
262,2
263,1
264,2
265,1
266,1
267,2
268,2
269,2
270,2
271,2
272,2
273,2
274,2
275,1
276,2
277,2
278,2
279,2
280,2
281,1
282,1
283,1
284,2
285,1
286,1
287,1
288,1
289,1
290,1
291,1
292,1
293,1
294,2
295,2
296,2
297,1
298,2
299,1
300,1
301,2
302,1
303,1
304,1
305,1
306,1
307,2
308,1
309,2
310,1
311,1
312,2
313,1
314,1
315,1
316,1
317,1
318,1
319,2
320,1
321,1
322,1
323,2
324,2
325,2
326,2
327,2
328,2
329,2
330,2
331,1
332,2
333,2
334,2
335,2
336,2
337,1
338,2
339,2
340,2
341,1
342,1
343,2
344,2
345,2
346,2
347,2
348,2
349,2
350,1
351,2
352,2
353,1
354,1
355,2
356,2
357,1
358,1
359,1
360,1
361,1
362,1
363,1
364,1
365,1
366,1
367,1
368,1
369,1
370,2
371,1
372,1
373,1
374,2
375,1
376,2
377,1
378,2
379,1
380,1
381,1
382,2
383,1
384,2
385,1
386,2
387,2
388,2
389,1
390,2
391,2
392,2
393,2
394,2
395,1
396,1
397,2
398,2
399,2
400,2
401,2
402,2
403,2
404,2
405,2
406,2
407,1
408,1
409,1
410,1
411,1
412,1
413,1
414,1
415,2
416,2
417,2
418,2
419,2
420,1
421,1
422,1
423,1
424,2
425,1
426,1
427,1
428,1
429,1
430,2
431,2
432,2
433,1
434,1
435,2
436,2
437,1
438,1
439,2
440,2
441,2
442,2
443,2
444,1
445,1
446,1
447,1
448,1
449,1
450,1
451,2
452,2
453,2
454,2
455,2
456,2
457,2
458,2
459,1
460,2
461,2
462,2
463,2
464,2
465,1
466,1
467,2
468,2
469,2
470,2
471,2
472,2
473,1
474,1
475,1
476,1
477,1
478,1
479,2
480,1
481,2
482,2
483,2
484,1
485,1
486,1
487,1
488,1
489,1
490,1
491,1
492,1
493,1
494,1
495,1
496,1
497,1
498,1
499,1
500,1
501,1
502,1
503,1
504,1
505,1
506,1
507,2
508,1
509,1
510,2
511,2
512,1
513,1
514,2
515,1
516,2
517,2
518,2
519,2
520,2
521,2
522,2
523,2
524,2
525,2
526,2
527,2
528,2
529,1
530,2
531,2
532,2
533,2
534,2
535,2
536,2
537,2
538,2
539,1
540,1
541,2
542,2
543,2
544,2
545,1
546,1
547,2
548,2
549,2
550,1
551,1
552,1
553,1
554,1
555,1
556,1
557,2
558,1
559,2
560,1
561,1
562,1
563,1
564,1
565,2
566,1
567,2
568,1
569,1
570,2
571,1
572,2
573,2
574,2
575,1
576,1
577,1
578,1
579,2
580,1
581,1
582,2
583,2
584,1
585,2
586,2
587,2
588,2
589,2
590,2
591,2
592,2
593,2
594,2
595,1
596,1
597,1
598,2
599,1
600,2
601,2
602,1
603,2
604,2
605,1
606,1
607,1
608,1
609,1
610,1
611,1
612,1
613,2
614,2
615,2
616,2
617,1
618,2
619,1
620,1
621,2
622,1
623,1
624,1
625,1
626,2
627,1
628,1
629,1
630,1
631,1
632,1
633,1
634,1
635,1
636,1
637,1
638,2
639,2
640,1
641,1
642,1
643,1
644,1
645,1
646,1
647,1
648,1
649,1
650,2
651,2
652,2
653,2
654,2
655,2
656,1
657,2
658,2
659,1
660,2
661,2
662,2
663,2
664,2
665,2
666,2
667,2
668,1
669,2
670,2
671,2
672,2
673,1
674,1
675,2
676,2
677,1
678,2
679,2
680,2
681,2
682,1
683,1
684,1
685,1
686,1
687,1
688,2
689,2
690,2
691,2
692,1
693,1
694,1
695,2
696,1
697,1
698,1
699,1
700,2
701,1
702,1
703,1
704,1
705,1
706,1
707,1
708,1
709,1
710,1
711,1
712,1
713,1
714,2
715,2
716,2
717,1
718,1
719,2
720,1
721,1
722,2
723,1
724,1
725,1
726,2
727,2
728,2
729,2
730,2
731,1
732,2
733,1
734,2
735,2
736,1
737,2
738,2
739,1
740,2
741,2
742,2
743,2
744,1
745,2
746,2
747,1
748,1
749,2
750,1
751,1
752,1
753,1
754,2
755,2
756,2
757,1
758,2
759,1
760,1
761,1
762,1
763,1
764,1
765,1
766,1
767,1
768,1
769,1
770,1
771,1
772,1
773,2
774,1
775,2
776,1
777,1
778,1
779,1
780,1
781,1
782,2
783,2
784,1
785,2
786,1
787,1
788,1
789,1
790,1
791,2
792,2
793,2
794,2
795,2
796,2
797,2
798,2
799,2
800,2
801,2
802,2
803,2
804,2
805,1
806,2
807,2
808,1
809,2
810,2
811,2
812,2
813,2
814,2
815,2
816,2
817,2
818,2
819,2
820,2
821,2
822,2
823,1
824,1
825,1
826,1
827,2
828,2
829,1
830,1
831,1
832,2
833,2
834,2
835,2
836,2
837,1
838,2
839,1
840,2
841,1
842,1
843,1
844,2
845,1
846,1
847,1
848,1
849,2
850,1
851,1
852,1
853,1
854,2
855,1
856,1
857,1
858,1
859,1
860,2
861,1
862,1
863,1
864,1
865,1
866,1
867,1
868,2
869,2
870,2
871,2
872,1
873,1
874,1
875,1
876,1
877,2
878,1
879,1
880,2
881,1
882,2
883,2
884,2
885,2
886,2
887,1
888,1
889,2
890,2
891,2
892,2
893,2
894,1
895,1
896,2
897,2
898,2
899,2
900,2
901,2
902,1
903,2
904,2
905,1
906,2
907,2
908,1
909,2
910,2
911,1
912,1
913,1
914,2
915,1
916,1
917,1
918,1
919,1
920,2
921,2
922,1
923,2
924,1
925,1
926,1
927,2
928,1
929,1
930,1
931,2
932,1
933,1
934,1
935,1
936,1
937,1
938,1
939,1
940,1
941,1
942,1
943,1
944,2
945,1
946,1
947,1
948,1
949,1
950,1
951,1
952,1
953,1
954,1
955,1
956,1
957,2
958,2
959,2
960,1
961,2
962,2
963,2
964,1
965,2
966,2
967,1
968,2
969,1
970,2
971,2
972,2
973,2
974,2
975,2
976,2
977,2
978,1
979,2
980,2
981,2
982,2
983,2
984,2
985,2
986,2
987,2
988,2
989,2
990,1
991,1
992,1
993,2
994,1
995,1
996,2
997,2
998,1
999,2
1000,1
1001,1
1002,1
1003,1
1004,2
1005,1
1006,2
1007,1
1008,1
1009,1
1010,1
1011,2
1012,1
1013,1
1014,2
1015,1
1016,1
1017,1
1018,1
1019,1
1020,1
1021,1
1022,1
1023,2
1024,1
1025,1
1026,2
1027,1
1028,2
1029,2
1030,2
1031,1
1032,2
1033,1
1034,2
1035,2
1036,2
1037,2
1038,2
1039,2
1040,2
1041,2
1042,2
1043,2
1044,2
1045,1
1046,1
1047,1
1048,2
1049,2
1050,2
1051,2
1052,2
1053,2
1054,2
1055,2
1056,1
1057,1
1058,2
1059,1
1060,1
1061,1
1062,1
1063,2
1064,1
1065,1
1066,1
1067,2
1068,1
1069,1
1070,1
1071,1
1072,1
1073,2
1074,1
1075,1
1076,1
1077,1
1078,2
1079,2
1080,2
1081,2
1082,2
1083,2
1084,1
1085,2
1086,2
1087,2
1088,2
1089,2
1090,2
1091,2
1092,2
1093,2
1094,2
1095,2
1096,1
1097,2
1098,2
1099,2
1100,2
1101,1
1102,2
1103,2
1104,1
1105,2
1106,1
1107,2
1108,2
1109,1
1110,2
1111,1
1112,1
1113,1
1114,1
1115,2
1116,2
1117,1
1118,2
1119,1
1120,2
1121,1
1122,1
1123,1
1124,1
1125,1
1126,1
1127,1
1128,1
1129,1
1130,1
1131,1
1132,2
1133,1
1134,1
1135,2
1136,1
1137,1
1138,1
1139,2
1140,2
1141,1
1142,1
1143,1
1144,1
1145,2
1146,1
1147,1
1148,2
1149,1
1150,1
1151,1
1152,1
1153,1
1154,1
1155,1
1156,2
1157,1
1158,2
1159,1
1160,2
1161,2
1162,2
1163,2
1164,2
1165,2
1166,1
1167,2
1168,2
1169,2
1170,1
1171,2
1172,2
1173,2
1174,2
1175,1
1176,1
1177,1
1178,1
1179,1
1180,1
1181,1
1182,1
1183,2
1184,2
1185,2
1186,2
1187,2
1188,1
1189,2
1190,1
1191,1
1192,1
1193,1
1194,1
1195,1
1196,1
1197,1
1198,2
1199,1
1200,1
1201,1
1202,1
1203,2
1204,1
1205,1
1206,1
1207,1
1208,1
1209,1
1210,1
1211,1
1212,1
1213,1
1214,1
1215,1
1216,2
1217,1
1218,1
1219,2
1220,2
1221,2
1222,1
1223,2
1224,2
1225,2
1226,1
1227,2
1228,2
1229,2
1230,2
1231,2
1232,2
1233,2
1234,2
1235,2
1236,2
1237,1
1238,2
1239,2
1240,2
1241,2
1242,2
1243,1
1244,2
1245,1
1246,2
1247,2
1248,2
1249,2
1250,2
1251,2
1252,2
1253,1
1254,1
1255,1
1256,1
1257,2
1258,1
1259,2
1260,2
1261,2
1262,2
1263,2
1264,1
1265,1
1266,1
1267,1
1268,1
1269,1
1270,1
1271,1
1272,1
1273,1
1274,2
1275,1
1276,2
1277,1
1278,1
1279,1
1280,1
1281,1
1282,1
1283,1
1284,1
1285,1
1286,1
1287,2
1288,2
1289,2
1290,1
1291,1
1292,1
1293,1
1294,2
1295,1
1296,1
1297,2
1298,2
1299,2
1300,2
1301,2
1302,2
1303,1
1304,1
1305,2
1306,2
1307,1
1308,2
1309,1
1310,2
1311,2
1312,2
1313,2
1314,2
1315,1
1316,2
1317,2
1318,1
1319,1
1320,1
1321,1
1322,1
1323,1
1324,2
1325,2
1326,2
1327,2
1328,2
1329,2
1330,2
1331,1
1332,1
1333,1
1334,1
1335,1
1336,1
1337,1
1338,1
1339,2
1340,1
1341,1
1342,1
1343,1
1344,2
1345,1
1346,1
1347,1
1348,1
1349,1
1350,2
1351,1
1352,1
1353,2
1354,2
1355,2
1356,1
1357,2
1358,2
1359,2
1360,2
1361,2
1362,1
1363,1
1364,2
1365,2
1366,2
1367,1
1368,2
1369,2
1370,2
1371,2
1372,2
1373,2
1374,2
1375,1
1376,1
1377,2
1378,1
1379,1
1380,1
1381,2
1382,2
1383,2
1384,2
1385,2
1386,1
1387,2
1388,2
1389,1
1390,2
1391,1
1392,1
1393,2
1394,2
1395,1
1396,1
1397,1
1398,1
1399,2
1400,2
1401,1
1402,1
1403,1
1404,1
1405,1
1406,1
1407,1
1408,2
1409,2
1410,2
1411,1
1412,1
1413,1
1414,1
1415,1
1416,1
1417,1
1418,1
1419,2
1420,2
1421,2
1422,2
1423,2
1424,1
1425,2
1426,1
1427,2
1428,2
1429,2
1430,1
1431,2
1432,2
1433,1
1434,2
1435,2
1436,2
1437,2
1438,2
1439,1
1440,2
1441,1
1442,1
1443,2
1444,1
1445,1
1446,2
1447,1
1448,2
1449,1
1450,2
1451,1
1452,2
1453,1
1454,1
1455,1
1456,1
1457,1
1458,1
1459,1
1460,1
1461,1
1462,1
1463,2
1464,2
1465,2
1466,1
1467,1
1468,1
1469,1
1470,1
1471,2
1472,1
1473,1
1474,1
1475,1
1476,2
1477,2
1478,2
1479,2
1480,1
1481,2
1482,2
1483,2
1484,2
1485,2
1486,2
1487,2
1488,1
1489,2
1490,2
1491,2
1492,2
1493,2
1494,2
1495,2
1496,2
1497,2
1498,1
1499,1
1500,1
1501,1
1502,2
1503,2
1504,2
1505,1
1506,2
1507,2
1508,2
1509,1
1510,1
1511,2
1512,1
1513,2
1514,1
1515,1
1516,2
1517,1
1518,1
1519,1
1520,2
1521,2
1522,1
1523,2
1524,2
1525,2
1526,2
1527,2
1528,1
1529,2
1530,2
1531,2
1532,2
1533,2
1534,1
1535,1
1536,2
1537,2
1538,1
1539,2
1540,2
1541,1
1542,1
1543,1
1544,1
1545,1
1546,2
1547,2
1548,2
1549,2
1550,2
1551,1
1552,1
1553,1
1554,1
1555,1
1556,1
1557,1
1558,1
1559,1
1560,1
1561,1
1562,2
1563,1
1564,2
1565,2
1566,2
1567,1
1568,2
1569,2
1570,1
1571,1
1572,1
1573,1
1574,2
1575,2
1576,1
1577,2
1578,1
1579,2
1580,2
1581,1
1582,2
1583,2
1584,1
1585,1
1586,1
1587,2
1588,2
1589,1
1590,1
1591,1
1592,1
1593,1
1594,1
1595,2
1596,2
1597,2
1598,2
1599,2
1600,1
1601,1
1602,2
1603,1
1604,1
1605,1
1606,1
1607,2
1608,2
1609,1
1610,1
1611,2
1612,2
1613,2
1614,1
1615,2
1616,2
1617,1
1618,1
1619,1
1620,1
1621,1
1622,2
1623,1
1624,2
1625,1
1626,2
1627,1
1628,2
1629,2
1630,2
1631,2
1632,2
1633,2
1634,2
1635,2
1636,2
1637,2
1638,1
1639,2
1640,2
1641,1
1642,1
1643,1
1644,2
1645,2
1646,1
1647,2
1648,2
1649,2
1650,2
1651,2
1652,2
1653,2
1654,2
1655,1
1656,2
1657,2
1658,2
1659,1
1660,2
1661,1
1662,1
1663,1
1664,1
1665,1
1666,2
1667,2
1668,1
1669,1
1670,2
1671,2
1672,1
1673,2
1674,1
1675,1
1676,1
1677,1
1678,1
1679,1
1680,1
1681,1
1682,1
1683,2
1684,2
1685,2
1686,2
1687,2
1688,2
1689,2
1690,2
1691,2
1692,1
1693,2
1694,1
1695,1
1696,1
1697,1
1698,1
1699,1
1700,1
1701,2
1702,1
1703,2
1704,1
1705,2
1706,1
1707,2
1708,2
1709,2
1710,2
1711,2
1712,1
1713,2
1714,2
1715,1
1716,1
1717,1
1718,1
1719,1
1720,1
1721,1
1722,1
1723,1
1724,2
1725,2
1726,2
1727,2
1728,1
1729,2
1730,1
1731,1
1732,1
1733,2
1734,2
1735,2
1736,1
1737,1
1738,2
1739,2
1740,2
1741,1
1742,1
1743,2
1744,1
1745,1
1746,1
1747,1
1748,1
1749,2
1750,1
1751,2
1752,2
1753,2
1754,1
1755,1
1756,1
1757,1
1758,1
1759,1
1760,1
1761,1
1762,1
1763,1
1764,1
1765,1
1766,1
1767,2
1768,1
1769,2
1770,2
1771,1
1772,1
1773,1
1774,2
1775,2
1776,2
1777,2
1778,2
1779,1
1780,2
1781,2
1782,2
1783,2
1784,2
1785,2
1786,2
1787,1
1788,1
1789,1
1790,2
1791,2
1792,2
1793,2
1794,1
1795,2
1796,1
1797,1
1798,1
1799,2
1800,2
1801,1
1802,2
1803,2
1804,1
1805,2
1806,2
1807,1
1808,2
1809,1
1810,2
1811,1
1812,1
1813,2
1814,2
1815,1
1816,2
1817,1
1818,1
1819,1
1820,2
